function [z_88D, v_88D, w_88D] = colormap_88D

    z_88D = [
        0.00000  0.00000  0.00000;
        0.00000  0.92549  0.92549;
        0.00392  0.62745  0.96471;
        0.00000  0.00000  0.96471;
        0.00000  1.00000  0.00000;
        0.00000  0.78431  0.00000;
        0.00000  0.56471  0.00000;
        1.00000  1.00000  0.00000;
        0.90588  0.75294  0.00000;
        1.00000  0.56471  0.00000;
        1.00000  0.00000  0.00000;
        0.83922  0.00000  0.00000;
        0.75294  0.00000  0.00000;
        1.00000  0.00000  1.00000;
        0.60000  0.33333  0.78824;
        1.00000  1.00000  1.00000
    ];

    v_88D = [
        0.00000  1.00000  0.00000;
        0.00000  0.90980  0.00000;
        0.00000  0.78431  0.00000;
        0.00000  0.69020  0.00000;
        0.00000  0.56471  0.00000;
        0.00000  0.43922  0.00000;
        0.46667  0.59216  0.46667;
        0.59216  0.46667  0.46667;
        0.50196  0.00000  0.00000;
        0.62745  0.00000  0.00000;
        0.72157  0.00000  0.00000;
        0.84706  0.00000  0.00000;
        0.93333  0.00000  0.00000;
        1.00000  0.00000  0.00000
    ];

    w_88D = [
        0.00000  0.00000  0.00000;
        0.00000  0.00000  0.00000;
        0.46275  0.46275  0.46275;
        0.46275  0.46275  0.46275;
        0.61176  0.61176  0.61176;
        0.61176  0.61176  0.61176;
        0.00000  0.73333  0.00000;
        0.00000  0.73333  0.00000;
        1.00000  0.00000  0.00000;
        1.00000  0.00000  0.00000;
        0.81569  0.43922  0.00000;
        0.81569  0.43922  0.00000;
        1.00000  1.00000  0.00000;
        1.00000  1.00000  0.00000;
        0.46667  0.00000  0.49020
    ];
end
